-1.1867684824149087 1.2562036127377334 1.0 2.0 
-1.7575337673890346 -1.8387687600938571 1.0 2.0 
1.427274950030477 -2.0949574775814646 1.0 2.0 
-12.713450269590652 -2.367402653864099 1.0 2.0 
-5.128600076630432 2.5304950275076448 1.0 2.0 
-2.4192146133613726 0.04788314811013621 1.0 2.0 
0.5944401127614931 -9.391315148015304 1.0 2.0 
-1.1003191786219197 2.000649803215027 1.0 2.0 
-0.12851120176084052 -1.3534153660143904 1.0 2.0 
0.12224571632636483 0.7566819764109092 1.0 2.0 
-1.9183474813221775 -8.427768990672641 1.0 2.0 
0.8549705578280324 -7.336135192885078 1.0 2.0 
-7.732360896617223 -0.5545193818844862 1.0 2.0 
0.006475211695718741 7.698725925515946 1.0 2.0 
-0.8907848592159926 2.4280582906368227 1.0 2.0 
-3.20485189293934 2.1385952143714557 1.0 2.0 
0.663826109716398 1.6379253637602134 1.0 2.0 
1.6474738633992354 11.924751248576806 1.0 2.0 
-0.6276514197632981 -7.475603846649522 1.0 2.0 
-0.5822568502524739 1.1145963382021131 1.0 2.0 
-1.4495800805861698 -6.94645365820411 1.0 2.0 
-1.0298575548982658 -2.41839441803456 1.0 2.0 
-2.0032776713150326 6.040897165680856 1.0 2.0 
2.7594736299126765 2.0959588590892473 2.0 1.0 
2.606038454925356 -4.68086541264557 2.0 1.0 
6.472803345477683 5.511747358482416 2.0 1.0 
4.345937193234757 0.7017903887203325 2.0 1.0 
4.315730973438791 0.07887877023447053 2.0 1.0 
2.5651354653686322 4.78197591634487 2.0 1.0 
3.527715263071391 -4.433967231744428 2.0 1.0 
2.4560319830866844 -0.08687527360790957 2.0 1.0 
2.569254382345238 3.793980349892461 2.0 1.0 
3.004156075090652 11.782123682977033 2.0 1.0 
3.4196535241044934 -5.139339335937396 2.0 1.0 
3.0774272741499544 6.69619852059583 2.0 1.0 
4.7012560478267105 0.9515163639387627 2.0 1.0 
3.924369663635815 0.9838172228013952 2.0 1.0 
2.33569304281301 -3.5196334058450813 2.0 1.0 
1.6367068733154762 -2.2192750513735477 2.0 1.0 
2.9481671843116652 -1.039063968164101 2.0 1.0 
4.240175931697507 1.899545374792242 2.0 1.0 
4.4529769222308015 -4.682041217809768 2.0 1.0 
