0.07970679266976165 
0.1188191602249146 
0.13021595947025782 
0.12977952296108072 
0.1373232060245091 
0.13857470677353942 
0.12982076381876897 
0.13446422006403277 
0.14852960170159443 
0.12048771461260199 
0.14609047856534882 
0.13127625454915415 
0.13127625454915415 
0.0 
0.1490976930988002 
0.14273567203102813 
0.1107937515556254 
0.15416874943537498 
0.13127625454915415 
0.13127625454915415 
0.0 
0.05248506408728333 
0.05248506408728333 
0.05248506408728333 
0.05248506408728333 
0.05248506408728333 
0.05248506408728333 
0.05248506408728333 
0.05248506408728333 
0.05248506408728333 
0.05248506408728333 
0.05248506408728333 
0.05248506408728333 
